3.174210526315789149e+00
3.142857142857143238e+00
4.316666666666667318e+00
3.539166192482244178e+00
3.597320655534941292e+00
3.111900822546943335e+00
3.405803571428571708e+00
3.241765873015872934e+00
3.399953617810760331e+00
3.155736644769340238e+00
3.518749999999999822e+00
3.691666666666667318e+00
2.556666666666666643e+00
3.303134941337954267e+00
1.991666666666666696e+00
3.230753968253968544e+00
3.241765873015872934e+00
3.387096774193548931e+00
3.376697012138188736e+00
3.230753968253968544e+00
3.068583138173301972e+00
3.042015488991295591e+00
3.343833333333333435e+00
2.609622135994087433e+00
2.937500000000000000e+00
3.115539482641252356e+00
3.230753968253968544e+00
4.316666666666667318e+00
3.034969188150157926e+00
3.194999999999999840e+00
2.819457013574660831e+00
3.230753968253968544e+00
3.629000000000000004e+00
3.040736644769340469e+00
3.083946540880503129e+00
4.316666666666667318e+00
3.189999999999999947e+00
3.241765873015872934e+00
3.230753968253968544e+00
3.346333333333332938e+00
3.189999999999999947e+00
3.446420885128740341e+00
3.000408496732025920e+00
4.316666666666667318e+00
3.230753968253968544e+00
3.230753968253968544e+00
3.230753968253968544e+00
3.049743825538623110e+00
2.768265465064530417e+00
2.596209273182957133e+00
3.230753968253968544e+00
3.230753968253968544e+00
2.944345238095237960e+00
3.241765873015872934e+00
3.691666666666667318e+00
3.230753968253968544e+00
3.377806707382406071e+00
2.749454748150399919e+00
3.239864864864864469e+00
3.049743825538623110e+00
3.050853174603174622e+00
3.230753968253968544e+00
3.233207885304659523e+00
2.768749999999999822e+00
3.189999999999999947e+00
3.391666666666667052e+00
3.346333333333332938e+00
3.049743825538623110e+00
3.331030303030303230e+00
1.991666666666666696e+00
3.156661435267839710e+00
3.165000000000000036e+00
2.556666666666666643e+00
3.230753968253968544e+00
3.230753968253968544e+00
2.412142857142857366e+00
2.412142857142857366e+00
3.526695624195623768e+00
2.861482334869431376e+00
2.507420634920634495e+00
2.632692307692307665e+00
2.749454748150399919e+00
3.189999999999999947e+00
3.230753968253968544e+00
2.664478021978021971e+00
3.346333333333332938e+00
3.083946540880503129e+00
3.486213836976031821e+00
3.083946540880503129e+00
2.684146613190731223e+00
3.049743825538623110e+00
3.032880036630037246e+00
3.230753968253968544e+00
3.242771739130434927e+00
2.412142857142857366e+00
3.230753968253968544e+00
3.283946540880503306e+00
4.316666666666667318e+00
3.461950549450548920e+00
3.049743825538623110e+00
3.230753968253968544e+00
3.230753968253968544e+00
2.632692307692307665e+00
4.316666666666667318e+00
3.526695624195623768e+00
2.658910256410256245e+00
2.987084071842136535e+00
2.749454748150399919e+00
3.486213836976031821e+00
3.606543872793872563e+00
3.049743825538623110e+00
3.049743825538623110e+00
2.470985772357723764e+00
3.049743825538623110e+00
2.200000000000000178e+00
2.977799227799228010e+00
2.575000000000000178e+00
3.258941744529979978e+00
2.976630036630036891e+00
3.189999999999999947e+00
3.241765873015872934e+00
3.049743825538623110e+00
3.007819264069264698e+00
2.768265465064530417e+00
3.241765873015872934e+00
3.428095238095237640e+00
3.230753968253968544e+00
2.609622135994087433e+00
3.486213836976031821e+00
3.230753968253968544e+00
3.526695624195623768e+00
4.316666666666667318e+00
3.189999999999999947e+00
3.230753968253968544e+00
3.149999999999999911e+00
2.997142857142856887e+00
3.146335527217880124e+00
3.729000000000000092e+00
3.253214285714285836e+00
3.040833333333333499e+00
3.691666666666667318e+00
2.937500000000000000e+00
3.040736644769340469e+00
3.235500000000000487e+00
3.049743825538623110e+00
4.316666666666667318e+00
3.241765873015872934e+00
3.084591087296915113e+00
3.189999999999999947e+00
3.241765873015872934e+00
3.031825248756219171e+00
3.346333333333332938e+00
3.108630952380952550e+00
2.419330400782013779e+00
3.189999999999999947e+00
3.049743825538623110e+00
3.275297619047619069e+00
3.346333333333332938e+00
3.230630252100840316e+00
2.510416666666666963e+00
3.230753968253968544e+00
3.129327929402177855e+00
2.656666666666666732e+00
2.475128205128204861e+00
3.372578108166343291e+00
3.324166666666666714e+00
3.040736644769340469e+00
3.123083900226757414e+00
3.049743825538623110e+00
3.562500000000000000e+00
3.110022522522522426e+00
3.230753968253968544e+00
3.040736644769340469e+00
3.040736644769340469e+00
3.110022522522522426e+00
2.945383721969087709e+00
3.575333333333333918e+00
3.575333333333333918e+00
2.701428571428571068e+00
3.235500000000000487e+00
4.316666666666667318e+00
3.562500000000000000e+00
3.230753968253968544e+00
3.036519607843136903e+00
3.230753968253968544e+00
3.241765873015872934e+00
3.040736644769340469e+00
3.189999999999999947e+00
3.562500000000000000e+00
3.230753968253968544e+00
3.230753968253968544e+00
3.230753968253968544e+00
2.787500000000000089e+00
3.355706149307918995e+00
3.189999999999999947e+00
3.043750000000000178e+00
2.904970588235294304e+00
2.915717468805704371e+00
3.493362290862290109e+00
3.691666666666667318e+00
3.313870977348554625e+00
3.451869501466275469e+00
3.212499999999999911e+00
3.346333333333332938e+00
3.029428294573643488e+00
3.155736644769340238e+00
